1 1 440 445
1 2 393 406
1 3 338 350
1 4 132 138
1 5 274 284
1 6 363 373
1 7 312 319
1 8 83 92
1 9 255 262
1 10 418 424
1 11 160 173
1 12 192 200
1 13 468 476
1 14 44 70
1 15 8 34
2 1 439 445
2 2 391 402
2 3 338 345
2 4 118 126
2 5 274 283
2 6 364 373
2 7 311 318
2 8 81 92
2 9 255 261
2 10 417 423
2 11 160 168
2 13 468 477
2 14 44 71
2 15 5 34
3 1 181 189
3 2 430 444
3 3 246 266
3 4 224 244
3 5 67 98
3 6 330 358
3 7 456 462
3 8 481 492
3 9 274 282
3 10 403 408
3 11 0 26
3 12 106 129
3 13 294 308
3 14 365 392
3 15 40 55
4 1 183 192
4 2 432 445
4 3 252 265
4 4 226 243
4 5 72 101
4 6 331 357
4 7 457 465
4 8 480 492
4 9 277 282
4 10 403 408
4 11 8 18
4 12 109 127
4 13 294 318
4 14 366 386
4 15 36 56
5 1 290 296
5 2 113 134
5 3 206 228
5 4 383 412
5 5 416 439
5 6 261 281
5 7 9 16
5 8 450 464
5 9 179 188
5 10 238 245
5 11 42 67
5 12 489 507
5 13 142 150
5 14 353 372
5 15 78 99
6 1 290 299
6 2 113 133
6 3 207 223
6 4 381 415
6 5 415 437
6 6 259 279
6 7 7 14
6 8 450 468
6 9 178 187
6 10 237 243
6 11 40 62
6 12 488 507
6 13 142 145
6 14 352 374
6 15 82 98
7 1 66 89
7 2 263 292
7 3 299 326
7 4 359 369
7 5 463 494
7 6 194 225
7 7 6 20
7 8 96 116
7 9 169 185
7 10 503 516
7 11 398 417
7 12 132 159
7 13 227 244
7 14 331 358
7 15 34 51
8 1 66 90
8 2 265 292
8 3 306 327
8 4 360 384
8 5 464 499
8 6 194 228
8 7 8 22
8 8 96 122
8 9 169 181
8 10 504 519
8 11 397 412
8 12 135 159
8 13 228 253
8 14 331 360
8 15 40 55
9 1 370 378
9 2 34 61
9 3 129 155
9 4 288 306
9 5 261 288
9 6 189 219
9 7 163 178
9 8 222 248
9 9 400 407
9 10 106 113
9 11 341 358
9 12 303 312
9 13 68 90
9 14 6 27
9 15 483 510
10 1 370 378
10 2 35 62
10 3 142 156
10 4 418 450
10 5 266 278
10 6 187 214
10 7 162 183
10 8 223 240
10 9 400 405
10 10 106 113
10 11 342 356
10 12 296 312
10 13 68 107
10 14 6 27
10 15 483 509
